function [Z,rl,C,r,E]=parameters(type)
% Sets the parameters for pseudopotentials for various nuclei.
% Z it atomic number, rl is r_loc, C is local pseudopotential parameters,
% and r, E are nonlocal pseudopotential parameters.
% Acceptable types are Ni, Mn, Pt, Pd, Rh, Ca, Ti, Cl, Si, Al, Li, B, C, N,
% O, F.

if type=="Ni"
    Z=10;
    rl=0.56;
    C=[0,0];
    r=[0.42539870  0.58408076  0.27811348];
    E=zeros(3,3,3);
    E(1,:,:)=[3.61965071 -1.19635099 0.74622158
        -1.19635099 3.08896496 -1.92673583
        0.74622158 -1.92673583 3.05859831];
    E(2,1:2,1:2)=[1.74222007 -0.16325873
        -0.16325873 0.38634067];
    E(3,1,1)=-11.60842823;
elseif type=="Mn"
    Z=7;
    rl=0.64;
    C=[0,0];
    r=[0.48124608  0.66930432  0.32776314];
    E=zeros(3,3,3);
    E(1,:,:)=[2.79903057 -0.96286281 0.62594958
        -0.96286281 2.48610107 -1.61619487
        0.62594958 -1.61619487 2.56562982];
    E(2,1:2,1:2)=[1.36877564 -0.13385695
        -0.13385695 0.3167633];
    E(3,1,1)=-7.99541784;
elseif type=="Pt"
    Z=10;
    rl=0.616;
    C=[11.02741707,0];
    r=[0.52013211  0.65897566  0.45124318];
    E=zeros(3,2,2);
    E(1,:,:)=[2.44743006  -1.02260695
           -1.02260695   2.64035978];
    E(2,:,:)=[0.40845297  -0.69628711 
           -0.69628711   1.64771604];
    E(3,:,:)=[-4.55229454  0.92706936
             0.92706936 -2.10239568];
elseif type=="Pd"
    Z=10;
    rl=0.596;
    C=[5.20966476,0];
    r=[0.58220422  0.68878713  0.44283523];
    E=zeros(3,2,2);
    E(1,:,:)=[2.41107608  -0.89811395 
           -0.89811395   2.31892024];
    E(2,:,:)=[1.22725330  -0.32032214
           -0.32032214   0.75802053];
    E(3,:,:)=[-4.37713124  -0.18223540
            -0.18223540   0.41327105];
elseif type=="Rh"
    Z=9;
    rl=0.62142857;
    C=[5.39796233,0];
    r=[0.59807881  0.70958567   0.36920687];
    E=zeros(3,2,2);
    E(1,:,:)=[2.24211131  -0.83330981 
            -0.83330981  2.15159669];
    E(2,:,:)=[1.15527830  -0.29785195 
           -0.29785195   0.70484635];
    E(3,:,:)=[-1.05305819   4.81701344 
             4.81701344  -10.92395969];
elseif type=="Ca"
    Z=2;
    rl=0.8;
    C=[0,0];
    r=[0.66973721  0.94647402  0.52654998];
    E=zeros(3,3,3);
    E(1,:,:)=[1.64501442  -0.59004546  0.07221571
           -0.59004546  1.52349082  -0.18646017
            0.07221571  -0.18646017  0.29599634];
    E(2,1:2,1:2)=[0.58547893  -0.05338365 
               -0.05338365  0.12632878];
    E(3,1,1)=-3.03232095;
elseif type=="Ti"
    Z=4;
    rl=0.72;
    C=[0,0];
    r=[0.52841076  0.79114554  0.40871178];
    E=zeros(3,3,3);
    E(1,:,:)=[1.86661330  -0.55779994  0.89250253
           -0.55779994  1.44023325  -2.30443161
            0.89250253  -2.30443161  3.65817177];
    E(2,1:2,1:2)=[0.96791577  -0.11016023
               -0.11016023   0.26068669];
    E(3,1,1)=-4.82645635;
elseif type=="Cl"
    Z=7;
    rl=0.41;
    C=[-6.86475431, 0];
    r=[0.33820832  0.37613709];
    E=zeros(2,2,2);
    E(1,:,:)=[9.06223968 -1.96193036
        -1.96193036 5.06568240];
    E(2,1,1)=4.46587640;
elseif type=="Si"
    Z=4;
    rl=0.44;
    C=[-7.33610297, 0];
    r=[0.42273813  0.48427842];
    E=zeros(2,2,2);
    E(1,:,:)=[5.90692831 -1.26189397
        -1.26189397 3.25819622];
    E(2,1,1)=2.72701346;
elseif type=="Al"
    Z=3;
    rl=0.45;
    C=[-8.49135116,0];
    r=[0.46010427  0.53674439];
    E=zeros(2,2,2);
    E(1,:,:)=[5.08833953 -1.03784325
        -1.03784325 2.67969975];
    E(2,1,1)=2.19343827;
elseif type=="Li"
    Z=1;
    rl=0.78755305;
    C=[-1.89261247,0.28605968];
    r=[0.66637518  1.07930561];
    E=zeros(2,2,2);
    E(1,1,1)=1.85881111;
    E(2,1,1)=-0.00589504;
elseif type=="B"
    Z=3;
    rl=0.43392956;
    C=[-5.57864173,  0.80425145];
    r=0.37384326;
    E=6.23392822;
elseif type=="C"
    Z=4;
    rl=0.34883045;
    C=[-8.51377110,  1.22843203];
    r=0.30455321;
    E=9.52284179;
elseif type=="N"
    Z=5;
    rl=0.28917923;
    C=[-12.23481988,  1.76640728];
    r=0.25660487;
    E=13.55224272;
elseif type=="O"
    Z=6;
    rl=0.24762086;
    C=[-16.58031797,  2.39570092];
    r=0.22178614;
    E=18.26691718;
elseif type=="F"
    Z=7;
    rl=0.21852465;
    C=[-21.30736112,  3.07286942];
    r=0.19556721;
    E=23.58494211;
end